Square - Index - Bitwise - Decimal
a1      0       0000000000000000000000000000000000000000000000000000000000000001    1
b1      1       0000000000000000000000000000000000000000000000000000000000000010    2
c1      2       0000000000000000000000000000000000000000000000000000000000000100    4
d1      3       0000000000000000000000000000000000000000000000000000000000001000    8
e1      4       0000000000000000000000000000000000000000000000000000000000010000    16
f1      5       0000000000000000000000000000000000000000000000000000000000100000    32
g1      6       0000000000000000000000000000000000000000000000000000000001000000    64
h1      7       0000000000000000000000000000000000000000000000000000000010000000    128
a2      8       0000000000000000000000000000000000000000000000000000000100000000    256
b2      9       0000000000000000000000000000000000000000000000000000001000000000    512
c2      10      0000000000000000000000000000000000000000000000000000010000000000    1024
d2      11      0000000000000000000000000000000000000000000000000000100000000000    2048
e2      12      0000000000000000000000000000000000000000000000000001000000000000    4096
f2      13      0000000000000000000000000000000000000000000000000010000000000000    8192
g2      14      0000000000000000000000000000000000000000000000000100000000000000    16384
h2      15      0000000000000000000000000000000000000000000000001000000000000000    32768
a3      16      0000000000000000000000000000000000000000000000010000000000000000    65536
b3      17      0000000000000000000000000000000000000000000000100000000000000000    131072
c3      18      0000000000000000000000000000000000000000000001000000000000000000    262144
d3      19      0000000000000000000000000000000000000000000010000000000000000000    524288
e3      20      0000000000000000000000000000000000000000000100000000000000000000    1048576
f3      21      0000000000000000000000000000000000000000001000000000000000000000    2097152
g3      22      0000000000000000000000000000000000000000010000000000000000000000    4194304
h3      23      0000000000000000000000000000000000000000100000000000000000000000    8388608
a4      24      0000000000000000000000000000000000000001000000000000000000000000    16777216
b4      25      0000000000000000000000000000000000000010000000000000000000000000    33554432
c4      26      0000000000000000000000000000000000000100000000000000000000000000    67108864
d4      27      0000000000000000000000000000000000001000000000000000000000000000    134217728
e4      28      0000000000000000000000000000000000010000000000000000000000000000    268435456
f4      29      0000000000000000000000000000000000100000000000000000000000000000    536870912
g4      30      0000000000000000000000000000000001000000000000000000000000000000    1073741824
h4      31      0000000000000000000000000000000010000000000000000000000000000000    2147483648
a5      32      0000000000000000000000000000000100000000000000000000000000000000    4294967296
b5      33      0000000000000000000000000000001000000000000000000000000000000000    8589934592
c5      34      0000000000000000000000000000010000000000000000000000000000000000    17179869184
d5      35      0000000000000000000000000000100000000000000000000000000000000000    34359738368
e5      36      0000000000000000000000000001000000000000000000000000000000000000    68719476736
f5      37      0000000000000000000000000010000000000000000000000000000000000000    137438953472
g5      38      0000000000000000000000000100000000000000000000000000000000000000    274877906944
h5      39      0000000000000000000000001000000000000000000000000000000000000000    549755813888
a6      40      0000000000000000000000010000000000000000000000000000000000000000    1099511627776
b6      41      0000000000000000000000100000000000000000000000000000000000000000    2199023255552
c6      42      0000000000000000000001000000000000000000000000000000000000000000    4398046511104
d6      43      0000000000000000000010000000000000000000000000000000000000000000    8796093022208
e6      44      0000000000000000000100000000000000000000000000000000000000000000    17592186044416
f6      45      0000000000000000001000000000000000000000000000000000000000000000    35184372088832
g6      46      0000000000000000010000000000000000000000000000000000000000000000    70368744177664
h6      47      0000000000000000100000000000000000000000000000000000000000000000    140737488355328
a7      48      0000000000000001000000000000000000000000000000000000000000000000    281474976710656
b7      49      0000000000000010000000000000000000000000000000000000000000000000    562949953421312
c7      50      0000000000000100000000000000000000000000000000000000000000000000    562949953421312
d7      51      0000000000001000000000000000000000000000000000000000000000000000    2251799813685248
e7      52      0000000000010000000000000000000000000000000000000000000000000000    4503599627370496
f7      53      0000000000100000000000000000000000000000000000000000000000000000    9007199254740992
g7      54      0000000001000000000000000000000000000000000000000000000000000000    18014398509481984
h7      55      0000000010000000000000000000000000000000000000000000000000000000    36028797018963968
a8      56      0000000100000000000000000000000000000000000000000000000000000000    72057594037927936
b8      57      0000001000000000000000000000000000000000000000000000000000000000    144115188075855872
c8      58      0000010000000000000000000000000000000000000000000000000000000000    288230376151711744
d8      59      0000100000000000000000000000000000000000000000000000000000000000    576460752303423488
e8      60      0001000000000000000000000000000000000000000000000000000000000000    1152921504606846976
f8      61      0010000000000000000000000000000000000000000000000000000000000000    2305843009213693952
g8      62      0100000000000000000000000000000000000000000000000000000000000000    4611686018427387904
h8      63      1000000000000000000000000000000000000000000000000000000000000000    9223372036854775808